#1096220130408050435  46   222 81900   689    43 89121    25 82176   662 88141   111-99999-99999-99999-99999    16    12   -24    36-99999-99999
#1096220130410050435  55   840-99999-99999-99999-99999-99999 84159   480 82749   620 74389  1458 64691  2527     1     1    22    55     6   -25
#1096220130412050438  45  1216-99999-99999-99999-99999-99999 75513  1351 87227   199-99999-99999-99999-99999     4     5    22    47-99999-99999
#1096220130415050442  40  1144 90800    19    18-99999-99999 69100  2266 73500  1743-99999-99999-99999-99999     5     3    19    47-99999-99999
#1096220130417040427  58  1671-99999-99999-99999-99999-99999 74790  1617 85195   562 79160  1157 68030  2374     3     4    13    45    22   -25
#1096220130419050435  48  1806-99999-99999-99999 87836   278 72315  1834 90621    25 90610    26 86481   403     6     4    26    45     6     0
#1096220130422050444  37  1273-99999-99999-99999-99999-99999 82766   696 90300     0 90300     0 77884  1179     6     7    21    44    15     0
#1096220130424050437  60  1111 90800    45     8-99999-99999 71327  1993 86285   461-99999-99999-99999-99999    10    10     4    37-99999-99999
#1096220130426050440  45  1457 90000    56    10-99999-99999 69615  2166 74426  1609-99999-99999-99999-99999     7     6    23    41-99999-99999
#1096220130429050438  44  1670 87300   276    26-99999-99999 70807  1964 90023    25-99999-99999-99999-99999     9     6    24    42-99999-99999
#1096220130506050442  47  1494 89700    73    18-99999-99999 71951  1860 90224    25-99999-99999-99999-99999     5     2    26    49-99999-99999
#1096220130508050432  49  1332 90100    28    10-99999-99999 73659  1659 82509   747-99999-99999-99999-99999     5     5    23    44-99999-99999
#1096220130513050441  48   954 89700    90     6-99999-99999 84436   566 89448   112 80078   985 69453  2096     8     9    16    41    36   -26
#1096220130515050436  38   993 88000   123    22-99999-99999 71424  1834 75435  1375-99999-99999-99999-99999     3     2    22    49-99999-99999
#1096220130522050503  45  1066 89100    55     8-99999-99999 79434   970 89151    49 69316  2049 60515  3092     2     2    24    51    17   -46
#1096220130524050442  40   808-99999-99999-99999-99999-99999 88856    76 89283    37 88815    79 67177  2235     7     9    16    43    60     0
#1096220130527050500  39  1239-99999-99999-99999-99999-99999 80431   880 89108    62-99999-99999-99999-99999     8     9    19    41-99999-99999
#1096220130529050450  36  1369-99999-99999-99999 85884   285 77642  1093 89000     0 89000     0 85149   356     5     6    22    44     7     0
#1096220130531050444  42  1354-99999-99999-99999-99999-99999 81706   683 89000     0 89000     0 78662   983     7    10    19    39    12     0
#1096220130603050525  46  1175-99999-99999-99999-99999-99999 83051   719 90900     0 90900     0 90900     0    10    10    19    39     0   -11
